Trace for energy_intensity_ratio (index 8):
  Chain 1: [-0.4170172912495357, -0.4170172912495357, -0.4170172912495357, -0.4170172912495357, -0.4170172912495357, -0.4170172912495357, -0.4170172912495357, -0.4170172912495357, -0.4170172912495357, -0.4170172912495357, -0.4170172912495357, -0.4170172912495357, -0.4170172912495357, -0.4170172912495357, -0.4170172912495357, -0.4170172912495357, -0.4170172912495357, -0.4170172912495357, -0.4170172912495357, -0.4170172912495357]
  Chain 2: [-0.4516702491845491, -0.4516702491845491, -0.4516702491845491, -0.4516702491845491, -0.4516702491845491, -0.4516702491845491, -0.4516702491845491, -0.4516702491845491, -0.4516702491845491, -0.4516702491845491, -0.4516702491845491, -0.4516702491845491, -0.4516702491845491, -0.4516702491845491, -0.4516702491845491, -0.4516702491845491, -0.4516702491845491, -0.4516702491845491, -0.4516702491845491, -0.4516702491845491]
  Chain 3: [-0.28791151046586216, -0.28791151046586216, -0.28791151046586216, -0.28791151046586216, -0.28791151046586216, -0.28791151046586216, -0.28791151046586216, -0.28791151046586216, -0.28791151046586216, -0.28791151046586216, -0.28791151046586216, -0.28791151046586216, -0.28791151046586216, -0.28791151046586216, -0.28791151046586216, -0.28791151046586216, -0.28791151046586216, -0.28791151046586216, -0.28791151046586216, -0.28791151046586216]
  Chain 4: [-0.4298033193126724, -0.4298033193126724, -0.4298033193126724, -0.4298033193126724, -0.4298033193126724, -0.4298033193126724, -0.4298033193126724, -0.4298033193126724, -0.4298033193126724, -0.4298033193126724, -0.4298033193126724, -0.4298033193126724, -0.4298033193126724, -0.4298033193126724, -0.4298033193126724, -0.4298033193126724, -0.4298033193126724, -0.4298033193126724, -0.4298033193126724, -0.4298033193126724]

Trace for electric_eui (index 2):
  Chain 1: [0.3873132312840067, 0.3873132312840067, 0.3873132312840067, 0.3873132312840067, 0.3873132312840067, 0.3873132312840067, 0.3873132312840067, 0.3873132312840067, 0.3873132312840067, 0.3873132312840067, 0.3873132312840067, 0.3873132312840067, 0.3873132312840067, 0.3873132312840067, 0.3873132312840067, 0.3873132312840067, 0.3873132312840067, 0.3873132312840067, 0.3873132312840067, 0.3873132312840067]
  Chain 2: [0.5498052881158351, 0.5498052881158351, 0.5498052881158351, 0.5498052881158351, 0.5498052881158351, 0.5498052881158351, 0.5498052881158351, 0.5498052881158351, 0.5498052881158351, 0.5498052881158351, 0.5498052881158351, 0.5498052881158351, 0.5498052881158351, 0.5498052881158351, 0.5498052881158351, 0.5498052881158351, 0.5498052881158351, 0.5498052881158351, 0.5498052881158351, 0.5498052881158351]
  Chain 3: [0.3964170329557001, 0.3964170329557001, 0.3964170329557001, 0.3964170329557001, 0.3964170329557001, 0.3964170329557001, 0.3964170329557001, 0.3964170329557001, 0.3964170329557001, 0.3964170329557001, 0.3964170329557001, 0.3964170329557001, 0.3964170329557001, 0.3964170329557001, 0.3964170329557001, 0.3964170329557001, 0.3964170329557001, 0.3964170329557001, 0.3964170329557001, 0.3964170329557001]
  Chain 4: [0.35680717587459, 0.35680717587459, 0.35680717587459, 0.35680717587459, 0.35680717587459, 0.35680717587459, 0.35680717587459, 0.35680717587459, 0.35680717587459, 0.35680717587459, 0.35680717587459, 0.35680717587459, 0.35680717587459, 0.35680717587459, 0.35680717587459, 0.35680717587459, 0.35680717587459, 0.35680717587459, 0.35680717587459, 0.35680717587459]

Trace for ghg_emissions_int_log (index 0):
  Chain 1: [0.5288065524713265, 0.5288065524713265, 0.5288065524713265, 0.5288065524713265, 0.5288065524713265, 0.5288065524713265, 0.5288065524713265, 0.5288065524713265, 0.5288065524713265, 0.5288065524713265, 0.5288065524713265, 0.5288065524713265, 0.5288065524713265, 0.5288065524713265, 0.5288065524713265, 0.5288065524713265, 0.5288065524713265, 0.5288065524713265, 0.5288065524713265, 0.5288065524713265]
  Chain 2: [0.4131902354224768, 0.4131902354224768, 0.4131902354224768, 0.4131902354224768, 0.4131902354224768, 0.4131902354224768, 0.4131902354224768, 0.4131902354224768, 0.4131902354224768, 0.4131902354224768, 0.4131902354224768, 0.4131902354224768, 0.4131902354224768, 0.4131902354224768, 0.4131902354224768, 0.4131902354224768, 0.4131902354224768, 0.4131902354224768, 0.4131902354224768, 0.4131902354224768]
  Chain 3: [0.5369612355188574, 0.5369612355188574, 0.5369612355188574, 0.5369612355188574, 0.5369612355188574, 0.5369612355188574, 0.5369612355188574, 0.5369612355188574, 0.5369612355188574, 0.5369612355188574, 0.5369612355188574, 0.5369612355188574, 0.5369612355188574, 0.5369612355188574, 0.5369612355188574, 0.5369612355188574, 0.5369612355188574, 0.5369612355188574, 0.5369612355188574, 0.5369612355188574]
  Chain 4: [0.5405233126832975, 0.5405233126832975, 0.5405233126832975, 0.5405233126832975, 0.5405233126832975, 0.5405233126832975, 0.5405233126832975, 0.5405233126832975, 0.5405233126832975, 0.5405233126832975, 0.5405233126832975, 0.5405233126832975, 0.5405233126832975, 0.5405233126832975, 0.5405233126832975, 0.5405233126832975, 0.5405233126832975, 0.5405233126832975, 0.5405233126832975, 0.5405233126832975]

Trace for building_age_squared (index 9):
  Chain 1: [-1.7636381724584367, -1.7636381724584367, -1.7636381724584367, -1.7636381724584367, -1.7636381724584367, -1.7636381724584367, -1.7636381724584367, -1.7636381724584367, -1.7636381724584367, -1.7636381724584367, -1.7636381724584367, -1.7636381724584367, -1.7636381724584367, -1.7636381724584367, -1.7636381724584367, -1.7636381724584367, -1.7636381724584367, -1.7636381724584367, -1.7636381724584367, -1.7636381724584367]
  Chain 2: [-1.82699918825647, -1.82699918825647, -1.82699918825647, -1.82699918825647, -1.82699918825647, -1.82699918825647, -1.82699918825647, -1.82699918825647, -1.82699918825647, -1.82699918825647, -1.82699918825647, -1.82699918825647, -1.82699918825647, -1.82699918825647, -1.82699918825647, -1.82699918825647, -1.82699918825647, -1.82699918825647, -1.82699918825647, -1.82699918825647]
  Chain 3: [-1.8377353306662252, -1.8377353306662252, -1.8377353306662252, -1.8377353306662252, -1.8377353306662252, -1.8377353306662252, -1.8377353306662252, -1.8377353306662252, -1.8377353306662252, -1.8377353306662252, -1.8377353306662252, -1.8377353306662252, -1.8377353306662252, -1.8377353306662252, -1.8377353306662252, -1.8377353306662252, -1.8377353306662252, -1.8377353306662252, -1.8377353306662252, -1.8377353306662252]
  Chain 4: [-1.6569894440764952, -1.6569894440764952, -1.6569894440764952, -1.6569894440764952, -1.6569894440764952, -1.6569894440764952, -1.6569894440764952, -1.6569894440764952, -1.6569894440764952, -1.6569894440764952, -1.6569894440764952, -1.6569894440764952, -1.6569894440764952, -1.6569894440764952, -1.6569894440764952, -1.6569894440764952, -1.6569894440764952, -1.6569894440764952, -1.6569894440764952, -1.6569894440764952]

Trace for building_age_log (index 6):
  Chain 1: [1.760384953644821, 1.760384953644821, 1.760384953644821, 1.760384953644821, 1.760384953644821, 1.760384953644821, 1.760384953644821, 1.760384953644821, 1.760384953644821, 1.760384953644821, 1.760384953644821, 1.760384953644821, 1.760384953644821, 1.760384953644821, 1.760384953644821, 1.760384953644821, 1.760384953644821, 1.760384953644821, 1.760384953644821, 1.760384953644821]
  Chain 2: [1.7230522226797746, 1.7230522226797746, 1.7230522226797746, 1.7230522226797746, 1.7230522226797746, 1.7230522226797746, 1.7230522226797746, 1.7230522226797746, 1.7230522226797746, 1.7230522226797746, 1.7230522226797746, 1.7230522226797746, 1.7230522226797746, 1.7230522226797746, 1.7230522226797746, 1.7230522226797746, 1.7230522226797746, 1.7230522226797746, 1.7230522226797746, 1.7230522226797746]
  Chain 3: [1.8760447750512292, 1.8760447750512292, 1.8760447750512292, 1.8760447750512292, 1.8760447750512292, 1.8760447750512292, 1.8760447750512292, 1.8760447750512292, 1.8760447750512292, 1.8760447750512292, 1.8760447750512292, 1.8760447750512292, 1.8760447750512292, 1.8760447750512292, 1.8760447750512292, 1.8760447750512292, 1.8760447750512292, 1.8760447750512292, 1.8760447750512292, 1.8760447750512292]
  Chain 4: [1.7258946082287812, 1.7258946082287812, 1.7258946082287812, 1.7258946082287812, 1.7258946082287812, 1.7258946082287812, 1.7258946082287812, 1.7258946082287812, 1.7258946082287812, 1.7258946082287812, 1.7258946082287812, 1.7258946082287812, 1.7258946082287812, 1.7258946082287812, 1.7258946082287812, 1.7258946082287812, 1.7258946082287812, 1.7258946082287812, 1.7258946082287812, 1.7258946082287812]

